1 1 1 300
1 1 2 745
1 1 3 687
1 1 4 253
1 1 5 828
1 1 6 785
1 1 7 745
1 1 8 345
1 1 9 756
1 1 10 987
1 1 11 345
1 1 12 567
1 2 1 189
1 2 2 128
1 2 3 197
1 2 4 345
1 2 5 345
1 2 6 0
1 2 7 0
1 2 8 256
1 2 9 194
1 2 10 593
1 2 11 111
1 2 12 567
1 3 1 435
1 3 2 853
1 3 3 324
1 3 4 237
1 3 5 953
1 3 6 924
1 3 7 237
1 3 8 143
1 3 9 457
1 3 10 543
1 3 11 428
1 3 12 136
2 1 1 134
2 1 2 436
2 1 3 865
2 1 4 563
2 1 5 458
2 1 6 679
2 1 7 436
2 1 8 643
2 1 9 865
2 1 10 568
2 1 11 456
2 1 12 621
2 2 1 300
2 2 2 641
2 2 3 954
2 2 4 246
2 2 5 234
2 2 6 181
2 2 7 345
2 2 8 598
2 2 9 513
2 2 10 845
2 2 11 524
2 2 12 854
2 3 1 865
2 3 2 864
2 3 3 436
2 3 4 957
2 3 5 625
2 3 6 735
2 3 7 654
2 3 8 563
2 3 9 754
2 3 10 735
2 3 11 135
2 3 12 222
3 1 1 333
3 1 2 666
3 1 3 888
3 1 4 555
3 1 5 346
3 1 6 547
3 1 7 753
3 1 8 734
3 1 9 999
3 1 10 888
3 1 11 999
3 1 12 0
3 2 1 0
3 2 2 0
3 2 3 0
3 2 4 532
3 2 5 435
3 2 6 647
3 2 7 754
3 2 8 785
3 2 9 956
3 2 10 22
3 2 11 547
3 2 12 754
3 3 1 658
3 3 2 563
3 3 3 437
3 3 4 345
3 3 5 624
3 3 6 642
3 3 7 865
3 3 8 300
3 3 9 324
3 3 10 346
3 3 11 754
3 3 12 745
4 1 1 515
4 1 2 235
4 1 3 431
4 1 4 543
4 1 5 643
4 1 6 643
4 1 7 897
4 1 8 931
4 1 9 900
4 1 10 967
4 1 11 345
4 1 12 234
4 2 1 456
4 2 2 576
4 2 3 325
4 2 4 865
4 2 5 123
4 2 6 865
4 2 7 524
4 2 8 754
4 2 9 976
4 2 10 900
4 2 11 346
4 2 12 895
4 3 1 333
4 3 2 333
4 3 3 338
4 3 4 336
4 3 5 534
4 3 6 564
4 3 7 900
4 3 8 800
4 3 9 555
4 3 10 333
4 3 11 459
4 3 12 987
