1 1 1 8100
1 2 1 7200
1 0 1 3000
2 1 1 6000
2 2 1 6000
2 0 1 1000
3 1 1 1000
3 2 1 1000
3 0 1 1003
0 1 1 4004
0 2 1 5001
0 0 1 5000
1 1 2 9000
1 2 2 9000
1 0 2 3000
2 1 2 6000
2 2 2 6000
2 0 2 1000
3 1 2 1000
3 2 2 2000
3 0 2 1000
0 1 2 4000
0 2 2 5000
0 0 2 5000
1 1 3 6100
1 2 3 6700
1 0 3 6300
2 1 3 6600
2 2 3 6600
2 0 3 6100
3 1 3 6100
3 2 3 6200
3 0 3 6100
0 1 3 6400
0 2 3 6500
0 0 3 6500
1 1 4 1030
1 2 4 7030
1 0 4 3030
2 1 4 6030
2 2 4 6030
2 0 4 1030
3 1 4 1030
3 2 4 2030
3 0 4 1030
0 1 4 4030
0 2 4 5030
0 0 4 5030
1 1 5 1234
1 2 5 7902
1 0 5 3003
2 1 5 6004
2 2 5 6005
2 0 5 1006
3 1 5 1001
3 2 5 2003
3 0 5 1002
0 1 5 4003
0 2 5 5004
0 0 5 5005
1 1 6 1000
1 2 6 7000
1 0 6 3000
2 1 6 6000
2 2 6 6000
2 0 6 1000
3 1 6 1000
3 2 6 2000
3 0 6 1000
0 1 6 4000
0 2 6 5000
0 0 6 5000
1 1 7 1000
1 2 7 7000
1 0 7 3000
2 1 7 6000
2 2 7 6000
2 0 7 1000
3 1 7 1000
3 2 7 2000
3 0 7 1000
0 1 7 4000
0 2 7 5000
0 0 7 5000
1 1 8 1010
1 2 8 7010
1 0 8 3010
2 1 8 6010
2 2 8 6010
2 0 8 1010
3 1 8 1010
3 2 8 2010
3 0 8 1010
0 1 8 4010
0 2 8 5010
0 0 8 5010
1 1 9 1900
1 2 9 7900
1 0 9 3900
2 1 9 6900
2 2 9 6900
2 0 9 1900
3 1 9 1900
3 2 9 2900
3 0 9 1900
0 1 9 4900
0 2 9 5900
0 0 9 5900
1 1 10 5000
1 2 10 5000
1 0 10 5000
2 1 10 5000
2 2 10 5000
2 0 10 5000
3 1 10 5000
3 2 10 5000
3 0 10 5000
0 1 10 5000
0 2 10 5000
0 0 10 5000
1 1 11 1026
1 2 11 7026
1 0 11 3026
2 1 11 6026
2 2 11 6026
2 0 11 1026
3 1 11 1026
3 2 11 2026
3 0 11 1026
0 1 11 4026
0 2 11 5026
0 0 11 5026
1 1 0 11000
1 2 0 71000
1 0 0 31000
2 1 0 61000
2 2 0 61000
2 0 0 11000
3 1 0 11000
3 2 0 21000
3 0 0 11000
0 1 0 41000
0 2 0 51000
0 0 0 51000